NAME : CoveragePlanner
COMMENT : Compute a path between feasible viewpoints for a triangular mesh object
TYPE : TSP
DIMENSION : 276
EDGE_WEIGHT_TYPE : EXPLICIT
EDGE_WEIGHT_FORMAT: FULL_MATRIX
EDGE_WEIGHT_SECTION
0 4250 5119 5066 4374 4311 4750 500 1910 1762 1149 882 5301 4806 5119 5066 1919 4663 4984 5417 5590 1983 2652 2605 1919 4663 5123 1983 2715 5043 5471 2760 5124 4664 4664 1922 1922 5818 5371 5371 2557 5818 5371 5371 2557 2557 2508 2508 4935 4935 5371 5351 4862 4862 1153 1153 1039 1039 4375 4375 4862 4750 4250 4250 3 3 500 500 4750 4750 5594 6330 5547 5310 5820 5593 6083 6330 6330 6039 6039 5422 5422 5307 5310 5310 5547 5547 6330 6330 5820 5820 5912 5912 5473 5921 5921 5076 4936 5607 5607 4936 5076 4814 4814 4936 4936 5127 5126 5373 5291 5291 5076 5076 4755 4755 5127 5127 5374 5374 6077 5906 4929 5649 5913 4802 5601 5601 5913 5913 5087 5067 5067 5063 5063 5067 5067 4806 4806 4929 6328 5920 5367 5814 4935 4833 4935 5418 4832 4810 5367 5814 5541 5070 5740 5562 5919 6328 3102 2751 2375 1017 910 3015 3565 3015 3015 2375 3565 3565 1980 3565 3565 1983 3015 3015 910 910 1848 1848 1835 1778 1327 3529 2321 2321 1767 1778 1778 757 757 1327 1327 2972 2972 2609 2972 2972 3529 3529 3568 3533 5238 5038 5520 4602 5182 4312 5182 4658 4447 4447 4312 4312 4245 4602 4602 5520 5520 4928 5520 5520 5182 5182 5527 5920 3103 3063 1842 1773 2375 1903 3533 3568 5367 4930 4605 5070 4843 4630 5919 5526 1980 1916 752 903 1329 886 1332 1423 4661 5121 4809 4316 4932 4832 4933 4454 4861 5351 5250 4750 4811 5072 1035 1149 500 10 759 1779 4861 4374 4250 4750 4810 5072
4250 0 1975 1832 1035 727 9000 4750 4659 4601 4861 4805 9528 9030 9200 9171 4663 1919 2605 2652 9692 5123 5417 4984 4663 1919 9202 5123 5043 2715 9400 5471 1986 1922 1922 4664 4664 9825 9343 9343 5371 9825 9343 9343 5371 5371 4935 4935 2508 2508 2557 9556 9059 9059 4862 4862 4375 4375 1039 1039 1153 500 3 3 4250 4250 4750 4750 9000 9000 9696 10139 9669 9535 9829 9696 9987 10139 10139 9960 9960 9598 9598 9533 9535 9535 9669 9669 10139 10139 9829 9829 9883 9883 2757 3565 3565 1848 1420 3015 3015 1420 1848 910 910 1420 1420 1983 1980 2553 2375 2375 1848 1848 505 505 1983 1983 2555 2555 9981 9877 9093 9503 9662 9025 9474 9474 9662 9662 9180 9169 9169 9167 9167 9169 9169 9027 9027 9093 10135 9668 9340 9823 9099 9044 9099 9594 9043 9032 9340 9823 9664 9173 9779 9676 9668 10135 5651 5466 5291 4836 4814 5607 5921 5607 5607 5291 5921 5921 5126 5921 5921 5127 5607 5607 4814 4814 5076 5076 4624 4602 4447 5520 4838 4838 4598 4602 4602 4312 4312 4447 4447 5182 5182 4983 5182 5182 5520 5520 5920 5527 3061 2705 3529 1778 2972 757 2972 1918 1327 1327 757 757 7 1778 1778 3529 3529 2503 3529 3529 2972 2972 3533 3568 5651 5238 5070 4605 5287 5092 5526 5919 2549 2500 1773 1842 2322 1837 3568 3533 5121 4661 4316 4809 4453 4341 4454 4933 1916 1980 903 752 1420 1017 1423 1332 9059 9556 9500 9000 9032 9174 4374 4861 4750 4250 4317 4607 1149 1035 10 500 908 1847
5119 1975 0 732 2539 2643 9690 5586 4750 4806 5810 5856 10333 9850 9500 9528 5466 2751 3095 3054 10359 5906 6074 5647 4750 500 9500 5250 5121 1980 9691 5588 2705 2751 2751 5466 5466 10308 9823 9823 5815 10053 9556 9556 5351 5351 4862 4862 1153 1153 1039 10053 9555 9555 5350 5350 4860 4860 1146 1146 1032 1913 1977 1977 5120 5120 5587 5587 9690 9690 10363 10209 10048 10355 10058 10005 10159 10209 10209 10630 10630 10518 10518 10339 10355 10355 10048 10048 10209 10209 10058 10058 10185 10185 1911 2031 2031 932 3238 3583 3583 3238 932 2663 2663 3238 3238 2701 7 1035 1331 1331 932 932 1908 1908 2701 2701 2496 2496 10154 10180 10035 9658 9709 9847 10151 10151 9709 9709 9574 9540 9540 9523 9523 9540 9540 9864 9864 10035 10205 9715 9821 10306 10040 9902 10041 10515 9900 9867 9556 10053 10043 9545 10088 10076 9715 10204 5538 5585 5421 5946 5891 6360 5634 6360 6360 5421 5634 5634 5255 5634 5634 5908 6360 6360 5891 5891 5337 5337 4902 4835 5744 5161 4928 4928 4801 4835 4835 5441 5441 5744 5744 5946 5946 5644 5946 5946 5161 5161 5631 5168 1832 1971 2093 1060 3618 2710 3618 2748 3277 3277 2710 2710 1974 1060 1060 2093 2093 1152 2093 2093 3618 3618 2096 2036 5539 5068 5332 4840 5417 5393 5166 5629 1035 1149 1057 932 1426 1334 2032 2093 5902 5462 5443 5884 5750 5506 5751 6170 2742 2696 2658 2705 3240 2784 3243 3281 9555 10052 10180 9689 9869 9546 4860 5349 5585 5118 5446 4841 1028 1143 1971 1906 2665 937
5066 1832 732 0 2643 2539 9662 5538 4806 4750 5856 5810 10307 9823 9528 9500 5651 3102 3563 3528 10458 6077 6325 5917 4806 886 9528 5300 5419 2655 9851 5862 3062 3103 3103 5651 5651 10458 9981 9981 6078 10155 9663 9663 5540 5540 5069 5069 1840 1840 1771 10026 9527 9527 5299 5299 4804 4804 879 879 723 1766 1835 1835 5067 5067 5539 5539 9662 9662 10461 10375 10007 10315 10159 10031 10312 10375 10375 10789 10789 10458 10458 10313 10315 10315 10007 10007 10375 10375 10159 10159 10338 10338 2603 2746 2746 200 3036 4032 4032 3036 200 2503 2503 3036 3036 3057 732 1767 710 710 200 200 1762 1762 3057 3057 3058 3058 10306 10332 9971 9818 9884 9819 10318 10318 9884 9884 9508 9497 9497 9495 9495 9497 9497 9821 9821 9971 10371 9890 9979 10456 9976 9837 9977 10455 9836 9825 9663 10155 10002 9502 10025 10012 9889 10370 5812 5858 5302 5838 5820 6623 5929 6623 6623 5302 5929 5929 5305 5929 5929 6079 6623 6623 5820 5820 5258 5258 4771 4749 5633 5482 4797 4797 4745 4749 4749 5364 5364 5633 5633 6226 6226 5915 6226 6226 5482 5482 5927 5489 2544 2646 2792 543 4063 2553 4063 3099 3078 3078 2553 2553 1833 543 543 2792 2792 1838 2792 2792 4063 4063 2796 2751 5814 5367 5253 4754 5298 5274 5487 5925 1767 1837 538 200 871 710 2747 2792 6073 5646 5366 5814 5638 5389 5640 6067 3094 3053 2498 2547 3037 2545 3041 3082 9527 10026 10154 9662 9826 9502 4805 5300 5538 5066 5369 4754 727 882 1832 1762 2503 205
4374 1035 2539 2643 0 732 9059 4861 4925 4979 4750 4806 9528 9029 9338 9366 4374 1035 1762 1832 9556 4861 5066 4601 4930 2500 9340 5367 4930 2500 9340 5367 1153 1039 1039 4375 4375 9690 9201 9201 5120 9877 9397 9397 5466 5466 5038 5038 2705 2705 2751 9690 9201 9201 5120 5120 4660 4660 1913 1913 1977 1146 1032 1032 4373 4373 4860 4860 9058 9058 9561 10158 9871 9550 9881 9827 9984 10158 10158 9720 9720 9598 9598 9533 9550 9550 9871 9871 10158 10158 9881 9881 9827 9827 2547 3618 3618 2710 1424 2093 2093 1424 2710 1060 1060 1424 1424 1152 2545 2748 3277 3277 2710 2710 1148 1148 1152 1152 1977 1977 9979 9821 9093 9500 9682 9024 9222 9222 9682 9682 9415 9381 9381 9363 9363 9381 9381 9043 9043 9093 10154 9688 9199 9689 9099 9084 9098 9593 9083 9048 9395 9875 9865 9384 10037 9899 9688 10154 5647 5364 5753 4912 4845 5170 5954 5170 5170 5753 5954 5954 5369 5954 5954 4866 5170 5170 4845 4845 5450 5450 5075 5011 4448 5555 5339 5339 4978 5011 5011 4346 4346 4448 4448 4706 4706 4598 4706 4706 5555 5555 5951 5560 3054 2492 3583 2663 2031 932 2031 1035 1331 1331 932 932 1032 2663 2663 3583 3583 2701 3583 3583 2031 2031 3586 3621 5646 5233 5443 5013 5750 5506 5561 5952 2742 2696 2658 2705 3240 2784 3622 3587 4861 4374 4351 4840 4455 4426 4454 4933 1035 1149 1057 932 1426 1334 1424 1333 9199 9689 9555 9058 9048 9386 4658 5118 4860 4372 4352 5016 1971 1906 1028 1143 1062 2711
4311 727 2643 2539 732 0 9029 4805 4979 4925 4806 4750 9500 9000 9366 9338 4602 1767 2495 2544 9663 5068 5365 4928 4984 2605 9369 5417 5238 3063 9506 5651 1840 1771 1771 4604 4604 9850 9369 9369 5417 9981 9506 9506 5651 5651 5238 5238 3062 3062 3103 9662 9171 9171 5067 5067 4602 4602 1766 1766 1835 879 723 723 4311 4311 4804 4804 9029 9029 9667 10324 9829 9507 9984 9854 10140 10324 10324 9894 9894 9532 9532 9505 9507 9507 9829 9829 10324 10324 9984 9984 9985 9985 3100 4063 4063 2553 871 2792 2792 871 2553 543 543 871 871 1838 2648 3099 3078 3078 2553 2553 885 885 1838 1838 2652 2652 10134 9979 9023 9663 9857 8995 9405 9405 9857 9857 9347 9336 9336 9334 9334 9336 9336 8997 8997 9023 10321 9863 9367 9849 9028 9014 9028 9527 9013 9002 9503 9978 9822 9340 9973 9835 9863 10321 5917 5647 5641 4781 4759 5491 6234 5491 5491 5641 6234 6234 5419 6234 6234 5072 5491 5491 4759 4759 5373 5373 4949 4927 4304 5854 5219 5219 4923 4927 4927 4249 4249 4304 4304 5056 5056 4926 5056 5056 5854 5854 6232 5860 3528 3054 4032 2503 2746 200 2746 1767 710 710 200 200 727 2503 2503 4032 4032 3057 4032 4032 2746 2746 4035 4066 5917 5523 5366 4929 5638 5389 5861 6233 3094 3053 2498 2547 3037 2545 4066 4036 5068 4602 4254 4754 4309 4279 4309 4803 1767 1837 538 200 871 710 871 714 9171 9662 9527 9029 9002 9341 4601 5066 4805 4311 4254 4932 1832 1762 727 882 540 2552
4750 9000 9690 9662 9059 9029 0 4250 5119 5066 4374 4311 890 737 1910 1762 5123 9202 9369 9850 1983 4663 4984 5417 5123 9202 1919 4663 5471 9400 2715 5043 9692 9203 9203 5124 5124 2557 2508 2508 4935 2557 2508 2508 4935 4935 5371 5371 9343 9343 9825 1153 1039 1039 4375 4375 4862 4862 9059 9059 9556 9500 9000 9000 4750 4750 4250 4250 3 3 1983 3565 1848 918 2553 1980 3107 3565 3565 3019 3019 1429 1429 897 918 918 1848 1848 3565 3565 2553 2553 2757 2757 9883 10139 10139 9669 9597 9958 9958 9597 9669 9535 9535 9597 9597 9696 9696 9829 9784 9784 9669 9669 9505 9505 9696 9696 9829 9829 3102 2751 1337 3065 3529 742 2976 2976 3529 3529 1835 1778 1778 1767 1767 1778 1778 767 767 1337 3568 3533 2500 2549 1339 894 1341 1431 887 762 2500 2549 1842 1773 2375 1903 3533 3568 5238 5038 4838 4336 4312 5182 5520 5182 5182 4838 5520 5520 4657 5520 5520 4658 5182 5182 4312 4312 4602 4602 5097 5076 4936 5921 5291 5291 5072 5076 5076 4814 4814 4936 4936 5607 5607 5424 5607 5607 5921 5921 5527 5920 9506 9397 9662 9169 9473 9026 9473 9197 9092 9092 9026 9026 8995 9169 9169 9662 9662 9336 9662 9662 9473 9473 9668 10135 5238 5651 4605 5070 4843 4630 5919 5526 9823 9340 9173 9664 9294 9185 10135 9668 4661 5121 4809 4316 4932 4832 4933 4454 9201 9691 9529 9031 9592 9541 9593 9098 1035 1149 500 10 768 1779 4861 4374 4250 4750 4810 5072 9556 9059 9000 9500 9530 9665
500 4750 5586 5538 4861 4805 4250 0 1975 1832 1035 727 4806 4313 4659 4601 1983 5123 5417 5860 5123 1919 2605 2652 1983 5123 4663 1919 2760 5471 5043 2715 5590 5124 5124 1986 1986 5371 4935 4935 2508 5371 4935 4935 2508 2508 2557 2557 5371 5371 5818 4862 4375 4375 1039 1039 1153 1153 4862 4862 5351 5250 4750 4750 500 500 3 3 4250 4250 5127 5921 5076 4816 5373 5126 5657 5921 5921 5609 5609 4939 4939 4812 4816 4816 5076 5076 5921 5921 5373 5373 5473 5473 5912 6330 6330 5547 5420 6037 6037 5420 5547 5309 5309 5420 5420 5594 5593 5820 5744 5744 5547 5547 5255 5255 5594 5594 5821 5821 5651 5466 4450 5236 5520 4309 5184 5184 5520 5520 4624 4602 4602 4598 4598 4602 4602 4313 4313 4450 5920 5527 4930 5367 4455 4343 4456 4935 4341 4317 4930 5367 5070 4605 5287 5092 5526 5919 3061 2705 2321 883 757 2972 3529 2972 2972 2321 3529 3529 1915 3529 3529 1918 2972 2972 757 757 1778 1778 1903 1848 1420 3565 2375 2375 1838 1848 1848 910 910 1420 1420 3015 3015 2658 3015 3015 3565 3565 3533 3568 5651 5466 5913 5067 5599 4805 5599 5117 4927 4927 4805 4805 4745 5067 5067 5913 5913 5364 5913 5913 5599 5599 5920 6328 3063 3103 1773 1842 2322 1837 3568 3533 5814 5367 5070 5541 5287 5092 6328 5919 1916 1980 903 752 1420 1017 1423 1332 5121 5588 5303 4809 5415 5324 5416 4933 4374 4861 4750 4250 4318 4607 1149 1035 10 500 908 1847 5351 4861 4750 5250 5304 5543
1910 4659 4750 4806 4925 4979 5119 1975 0 732 2539 2643 5860 5417 4750 4806 2705 5038 5234 5647 5906 2751 3095 3054 10 4250 4750 500 1916 4661 5121 1980 5466 5038 5038 2705 2705 5815 5368 5368 2550 5351 4862 4862 1153 1153 1039 1039 4375 4375 4862 5350 4860 4860 1146 1146 1032 1032 4373 4373 4860 5120 4660 4660 1913 1913 1977 1977 5120 5120 5908 5634 5337 5895 5356 5255 5544 5634 5634 6365 6365 6177 6177 5867 5895 5895 5337 5337 5634 5634 5356 5356 5591 5591 5124 5170 5170 4845 5753 5954 5954 5753 4845 5450 5450 5753 5753 5468 4755 4866 4937 4937 4845 4845 5123 5123 5468 5468 5370 5370 5538 5585 5750 5063 5161 5415 5951 5951 5161 5161 4902 4835 4835 4801 4801 4835 4835 5446 5446 5750 5631 5168 5364 5811 5755 5510 5756 6175 5507 5448 4861 5351 5332 4840 5417 5393 5166 5629 1832 1971 1424 2828 2710 3618 2093 3618 3618 1424 2093 2093 505 2093 2093 2748 3618 3618 2710 2710 1060 1060 1232 932 3238 2031 1331 1331 732 932 932 2663 2663 3238 3238 3583 3583 3057 3583 3583 2031 2031 2096 2036 4601 4658 4706 4346 5555 5011 5555 5031 5339 5339 5011 5011 4654 4346 4346 4706 4706 4369 4706 4706 5555 5555 4712 5168 1837 1767 1057 932 1426 1334 2032 2093 4861 4374 4351 4840 4455 4426 5166 4711 2742 2696 2658 2705 3240 2784 3243 3281 5033 5462 5443 5013 5750 5506 5751 5346 4860 5349 5585 5118 5451 4841 1028 1143 1971 1906 2665 937 4860 4372 4658 5118 5446 4841
1762 4601 4806 4750 4979 4925 5066 1832 732 0 2643 2539 5814 5367 4806 4750 3061 5238 5523 5917 6077 3102 3563 3528 732 4312 4806 886 2608 4986 5419 2655 5651 5238 5238 3062 3062 6078 5652 5652 3104 5540 5069 5069 1840 1840 1771 1771 4604 4604 5069 5299 4804 4804 879 879 723 723 4311 4311 4804 5067 4602 4602 1766 1766 1835 1835 5067 5067 6079 5929 5258 5824 5544 5305 5819 5929 5929 6628 6628 6074 6074 5821 5824 5824 5258 5258 5929 5929 5544 5544 5864 5864 5421 5491 5491 4759 5641 6234 6234 5641 4759 5373 5373 5641 5641 5653 4811 5072 4807 4807 4759 4759 5071 5071 5653 5653 5653 5653 5812 5858 5638 5363 5482 5365 6231 6231 5482 5482 4771 4749 4749 4745 4745 4749 4749 5369 5369 5638 5927 5489 5647 6074 5643 5393 5645 6072 5390 5371 5068 5539 5253 4754 5298 5274 5487 5925 2544 2646 871 2594 2553 4063 2792 4063 4063 871 2792 2792 889 2792 2792 3099 4063 4063 2553 2553 543 543 500 200 3036 2746 710 710 7 200 200 2503 2503 3036 3036 4032 4032 3532 4032 4032 2746 2746 2796 2751 4928 4981 5056 4249 5854 4927 5854 5231 5219 5219 4927 4927 4596 4249 4249 5056 5056 4598 5056 5056 5854 5854 5063 5489 2549 2500 538 200 871 710 2747 2792 5068 4602 4254 4754 4309 4279 5487 5060 3094 3053 2498 2547 3037 2545 3041 3082 5233 5646 5366 4929 5638 5389 5640 5226 4805 5300 5538 5066 5373 4754 727 882 1832 1762 2503 205 4805 4311 4601 5066 5369 4754
1149 4861 5810 5856 4750 4806 4374 1035 2539 2643 0 732 4806 4312 4925 4979 1149 4861 5066 5538 4861 1035 1762 1832 2549 5367 4930 2500 2549 5367 4930 2500 5351 4862 4862 1153 1153 5120 4660 4660 1913 5466 5038 5038 2705 2705 2751 2751 5466 5466 5906 5120 4660 4660 1913 1913 1977 1977 5120 5120 5587 5350 4860 4860 1146 1146 1032 1032 4373 4373 4866 5954 5450 4845 5468 5369 5653 5954 5954 5171 5171 4938 4938 4811 4845 4845 5450 5450 5954 5954 5468 5468 5370 5370 5817 6360 6360 5891 5421 5634 5634 5421 5891 5337 5337 5421 5421 5356 5817 5908 6172 6172 5891 5891 5355 5355 5356 5356 5591 5591 5647 5364 4450 5231 5555 4307 4707 4707 5555 5555 5075 5011 5011 4978 4978 5011 5011 4346 4346 4450 5951 5560 4658 5118 4456 4426 4455 4934 4425 4351 5033 5462 5443 5013 5750 5506 5561 5952 3054 2492 3238 1232 932 2031 3583 2031 2031 3238 3583 3583 2495 3583 3583 1035 2031 2031 932 932 2663 2663 2828 2710 1424 3618 3277 3277 2648 2710 2710 1060 1060 1424 1424 2093 2093 1838 2093 2093 3618 3618 3586 3621 5647 5364 5946 5441 5161 4835 5161 4856 4928 4928 4835 4835 4855 5441 5441 5946 5946 5460 5946 5946 5161 5161 5951 6358 3053 3094 2658 2705 3240 2784 3622 3587 5902 5462 5443 5884 5750 5506 6358 5952 1035 1149 1057 932 1426 1334 1424 1333 4861 5351 5332 4840 5417 5393 5416 4933 4658 5118 4860 4372 4352 5016 1971 1906 1028 1143 1062 2711 5585 5118 4860 5349 5333 5887
882 4805 5856 5810 4806 4750 4311 727 2643 2539 732 0 4750 4250 4979 4925 1837 5068 5365 5812 5068 1767 2495 2544 2652 5417 4984 2605 3103 5651 5238 3063 5540 5069 5069 1840 1840 5417 4985 4985 2606 5651 5238 5238 3062 3062 3103 3103 5651 5651 6078 5067 4602 4602 1766 1766 1835 1835 5067 5067 5539 5299 4804 4804 879 879 723 723 4311 4311 5072 6234 5373 4759 5653 5419 5923 6234 6234 5492 5492 4808 4808 4755 4759 4759 5373 5373 6234 6234 5653 5653 5653 5653 6080 6623 6623 5820 5302 5929 5929 5302 5820 5258 5258 5302 5302 5544 5863 6079 6069 6069 5820 5820 5305 5305 5544 5544 5864 5864 5917 5647 4305 5522 5854 4245 5057 5057 5854 5854 4949 4927 4927 4923 4923 4927 4927 4249 4249 4305 6232 5860 4981 5414 4310 4279 4310 4804 4279 4254 5233 5646 5366 4929 5638 5389 5861 6233 3528 3054 3036 500 200 2746 4032 2746 2746 3036 4032 4032 2600 4032 4032 1767 2746 2746 200 200 2503 2503 2594 2553 871 4063 3078 3078 2545 2553 2553 543 543 871 871 2792 2792 2550 2792 2792 4063 4063 4035 4066 5917 5647 6226 5364 5482 4749 5482 5063 4797 4797 4749 4749 4800 5364 5364 6226 6226 5644 6226 6226 5482 5482 6232 6621 3528 3563 2498 2547 3037 2545 4066 4036 6073 5646 5366 5814 5638 5389 6622 6233 1767 1837 538 200 871 710 871 714 5068 5539 5253 4754 5298 5274 5298 4803 4601 5066 4805 4311 4254 4932 1832 1762 727 882 540 2552 5538 5066 4805 5300 5254 5816
5301 9528 10333 10307 9528 9500 890 4806 5860 5814 4806 4750 0 500 2652 2549 5539 9663 9822 10306 1767 5068 5365 5812 5865 9853 2662 5422 6081 9983 3109 5655 10155 9663 9663 5540 5540 2608 2656 2656 5419 3070 3111 3111 5656 5656 6082 6082 9984 9984 10460 1776 1845 1845 5071 5071 5542 5542 9664 9664 10156 10026 9528 9528 5301 5301 4806 4806 887 887 1767 4039 2512 200 3065 2609 3539 4039 4039 2746 2746 710 710 7 200 200 2512 2512 4039 4039 3065 3065 3064 3064 10463 10789 10789 10315 10029 10374 10374 10029 10315 10007 10007 10029 10029 10159 10339 10464 10458 10458 10315 10315 10032 10032 10159 10159 10338 10338 3535 3060 871 3574 4071 505 2792 2792 4071 4071 2603 2563 2563 2555 2555 2563 2563 543 543 871 4043 4073 2649 2601 871 710 871 714 707 538 3102 3061 2507 2557 3047 2555 4074 4043 5921 5650 5638 4771 4749 5481 6231 5481 5481 5638 6231 6231 5415 6231 6231 5063 5481 5481 4749 4749 5369 5369 5842 5824 5301 6628 6074 6074 5821 5824 5824 5258 5258 5301 5301 5928 5928 5819 5928 5928 6628 6628 6237 6626 10136 9980 10318 9821 9883 9497 9883 9658 9521 9521 9497 9497 9523 9821 9821 10318 10318 9977 10318 10318 9883 9883 10324 10786 5921 6329 5371 5818 5643 5393 6626 6237 10458 9981 9825 10309 9976 9837 10786 10324 5068 5539 5253 4754 5297 5274 5297 4802 9663 10155 10002 9502 10024 10012 10024 9526 1841 1772 737 890 540 2562 5541 5070 4806 5301 5254 5820 10155 9663 9528 10027 10002 10311
4806 9030 9850 9823 9029 9000 737 4313 5417 5367 4312 4250 500 0 2605 2500 5068 9171 9339 9822 1837 4602 4928 5365 5422 9372 2614 4989 5655 9508 3068 5242 9663 9172 9172 5069 5069 2656 2608 2608 4986 3111 3070 3070 5243 5243 5656 5656 9509 9509 9984 1845 1776 1776 4606 4606 5071 5071 9173 9173 9664 9528 9029 9029 4806 4806 4312 4312 733 733 1838 4071 2563 543 3107 2658 3574 4071 4071 2792 2792 871 871 505 543 543 2563 2563 4071 4071 3107 3107 3106 3106 9986 10327 10327 9831 9531 9893 9893 9531 9831 9507 9507 9531 9531 9667 9856 9987 9981 9981 9831 9831 9533 9533 9667 9667 9855 9855 3570 3101 710 3539 4039 7 2746 2746 4039 4039 2554 2512 2512 2505 2505 2512 2512 200 200 710 4073 4043 2601 2649 714 505 714 871 500 200 3061 3102 2557 2507 3087 2603 4043 4074 5528 5237 5224 4274 4249 5055 5860 5055 5055 5224 5860 5860 4983 5860 5860 4598 5055 5055 4249 4249 4933 4933 5397 5378 4806 6239 5647 5647 5374 5378 5378 4759 4759 4806 4806 5490 5490 5372 5490 5490 6239 6239 5865 6237 9669 9506 9860 9339 9404 8997 9404 9167 9022 9022 8997 8997 9025 9339 9339 9860 9860 9503 9860 9860 9404 9404 9866 10324 5528 5921 4934 5371 5229 4959 6237 5866 9981 9506 9342 9825 9501 9355 10324 9866 4602 5068 4754 4254 4802 4776 4802 4308 9171 9663 9502 9002 9526 9513 9526 9027 1772 1841 890 737 205 2513 5070 4604 4313 4806 4754 5373 9663 9172 9030 9528 9502 9826
5119 9200 9500 9528 9338 9366 1910 4659 4750 4806 4925 4979 2652 2605 0 732 5466 9397 9504 9979 2751 5038 5234 5647 4750 9000 10 4250 5121 9201 1916 4661 9877 9397 9397 5466 5466 2550 2501 2501 4931 1153 1039 1039 4375 4375 4862 4862 9059 9059 9556 1146 1032 1032 4373 4373 4860 4860 9058 9058 9555 9690 9201 9201 5120 5120 4660 4660 1913 1913 2748 2093 1060 2720 1152 505 1838 2093 2093 3627 3627 3286 3286 2658 2720 2720 1060 1060 2093 2093 1152 1152 1977 1977 9695 9719 9719 9550 10041 10158 10158 10041 9550 9871 9871 10041 10041 9881 9505 9561 9597 9597 9550 9550 9694 9694 9881 9881 9827 9827 1832 1971 3247 1767 2031 2609 3591 3591 2031 2031 1232 932 932 732 732 932 932 2672 2672 3247 2096 2036 2492 2542 3249 2793 3252 3290 2787 2668 1035 1149 1057 932 1426 1334 2032 2093 4601 4658 4448 5075 5011 5555 4706 5555 5555 4448 4706 4706 4245 4706 4706 5031 5555 5555 5011 5011 4346 4346 4912 4845 5753 5170 4937 4937 4811 4845 4845 5450 5450 5753 5753 5954 5954 5653 5954 5954 5170 5170 4712 5168 9171 9199 9221 9043 9682 9381 9682 9391 9560 9560 9381 9381 9195 9043 9043 9221 9221 9054 9221 9221 9682 9682 9227 9715 4602 5068 4351 4840 4455 4426 5166 4711 9556 9059 9048 9545 9098 9084 9715 9226 5033 5462 5443 5013 5750 5506 5751 5346 9395 9875 9865 9384 10037 9899 10038 9566 1028 1143 1971 1906 2674 937 4860 4372 4658 5118 5446 4841 9555 9058 9199 9689 9866 9546
5066 9171 9528 9500 9366 9338 1762 4601 4806 4750 4979 4925 2549 2500 732 0 5651 9506 9666 10134 3102 5238 5523 5917 4806 9029 732 4312 5419 9370 2608 4986 9981 9506 9506 5651 5651 3104 3063 3063 5239 1840 1771 1771 4604 4604 5069 5069 9172 9172 9663 879 723 723 4311 4311 4804 4804 9029 9029 9527 9662 9171 9171 5067 5067 4602 4602 1766 1766 3099 2792 543 2563 1838 889 2550 2792 2792 4071 4071 3087 3087 2555 2563 2563 543 543 2792 2792 1838 1838 2652 2652 9855 9893 9893 9507 9978 10324 10324 9978 9507 9829 9829 9978 9978 9984 9533 9667 9531 9531 9507 9507 9667 9667 9984 9984 9985 9985 2544 2646 3046 2500 2746 2505 4039 4039 2746 2746 500 200 200 7 7 200 200 2512 2512 3046 2796 2751 3054 3095 3047 2555 3051 3091 2549 2507 1767 1837 538 200 871 710 2747 2792 4928 4981 4304 4949 4927 5854 5056 5854 5854 4304 5056 5056 4307 5056 5056 5231 5854 5854 4927 4927 4249 4249 4781 4759 5641 5491 4807 4807 4755 4759 4759 5373 5373 5641 5641 6234 6234 5923 6234 6234 5491 5491 5063 5489 9339 9367 9405 8997 9857 9336 9857 9500 9493 9493 9336 9336 9166 8997 8997 9405 9405 9167 9405 9405 9857 9857 9411 9890 4930 5367 4254 4754 4309 4279 5487 5060 9663 9171 9002 9502 9028 9014 9889 9410 5233 5646 5366 4929 5638 5389 5640 5226 9503 9978 9822 9340 9973 9835 9974 9500 727 882 1832 1762 2513 205 4805 4311 4601 5066 5369 4754 9527 9029 9171 9662 9824 9502
1919 4663 5466 5651 4374 4602 5123 1983 2705 3061 1149 1837 5539 5068 5466 5651 0 4250 4311 4805 5250 500 882 727 2715 5043 5471 2760 1919 4663 5123 1983 4750 4250 4250 3 3 5351 4862 4862 1153 5818 5371 5371 2557 2557 2508 2508 4935 4935 5371 5818 5371 5371 2557 2557 2508 2508 4935 4935 5371 5122 4662 4662 1917 1917 1981 1981 5122 5122 5255 6124 6145 5611 5821 5912 5867 6124 6124 5360 5360 5745 5745 5544 5611 5611 6145 6145 6124 6124 5821 5821 5594 5594 5127 5701 5701 5723 5291 4870 4870 5291 5723 5146 5146 5291 5291 4755 5473 5374 6064 6064 5723 5723 5126 5126 4755 4755 4867 4867 5862 5588 5283 5415 5693 5063 4862 4862 5693 5693 5825 5715 5715 5649 5649 5715 5715 5136 5136 5283 6121 5698 4861 5351 5289 5265 5288 5741 5263 5141 5367 5814 6138 5717 6462 6245 5700 6123 2655 1980 3798 2323 2031 1170 3186 1170 1170 3798 3186 3186 2757 3186 3186 505 1170 1170 2031 2031 3225 3225 3379 3185 2321 3146 3764 3764 3065 3185 3185 1967 1967 2321 2321 1055 1055 732 1055 1055 3146 3146 3187 3147 4986 4661 5283 5307 4374 4678 4374 4245 4838 4838 4678 4678 4657 5307 5307 5283 5283 4929 5283 5283 4374 4374 5288 5698 2652 2605 3220 3181 3800 3419 3151 3190 5367 4930 5308 5717 5679 5431 5700 5290 500 10 1967 2030 2326 2272 2322 2375 4250 4750 5141 4683 5288 5265 5287 4843 5367 5814 5586 5119 5143 5720 2500 2549 1975 1910 1972 3188 5367 4930 4659 5119 5143 5720
4663 1919 2751 3102 1035 1767 9202 5123 5038 5238 4861 5068 9663 9171 9397 9506 4250 0 727 882 9500 4750 4805 4311 5043 2715 9400 5471 4663 1919 9202 5123 500 3 3 4250 4250 9556 9059 9059 4862 9825 9343 9343 5371 5371 4935 4935 2508 2508 2557 9825 9343 9343 5371 5371 4935 4935 2508 2508 2557 1981 1917 1917 4662 4662 5122 5122 9201 9201 9505 10012 10024 9706 9829 9883 9856 10012 10012 9563 9563 9784 9784 9667 9706 9706 10024 10024 10012 10012 9829 9829 9696 9696 1983 3186 3186 3225 2375 1170 1170 2375 3225 2031 2031 2375 2375 505 2757 2555 3798 3798 3225 3225 1980 1980 505 505 1155 1155 9851 9691 9290 9365 9529 9167 9057 9057 9529 9529 9608 9542 9542 9503 9503 9542 9542 9207 9207 9290 10007 9534 9059 9556 9296 9282 9295 9780 9281 9212 9340 9823 10018 9545 10219 10084 9535 10008 5419 5121 6064 5268 5146 4870 5701 4870 4870 6064 5701 5701 5473 5701 5701 4755 4870 4870 5146 5146 5723 5723 5425 5307 4838 5283 5673 5673 5236 5307 5307 4678 4678 4838 4838 4374 4374 4307 4374 4374 5283 5283 5698 5288 2608 1916 3146 3185 1055 1967 1055 7 2321 2321 1967 1967 1915 3185 3185 3146 3146 2505 3146 3146 1055 1055 3147 3187 5417 4984 5717 5308 6062 5831 5290 5700 2549 2500 3181 3220 3767 3382 3190 3151 4750 4250 4683 5141 4844 4819 4843 5287 10 500 2030 1967 2379 2327 2375 2322 9340 9823 9690 9200 9213 9548 4930 5367 5119 4659 4685 5313 2549 2500 1910 1975 2035 3227
4984 2605 3095 3563 1762 2495 9369 5417 5234 5523 5066 5365 9822 9339 9504 9666 4311 727 0 500 9527 4805 4750 4250 5238 3063 9506 5651 4602 1767 9171 5068 879 723 723 4311 4311 9527 9029 9029 4805 9850 9369 9369 5417 5417 4985 4985 2606 2606 2653 9981 9506 9506 5651 5651 5238 5238 3062 3062 3103 2650 2602 2602 4983 4983 5416 5416 9368 9368 9532 9969 10191 9879 9855 9985 9828 9969 9969 9520 9520 9978 9978 9827 9879 9879 10191 10191 9969 9969 9855 9855 9667 9667 1838 3049 3049 3710 3078 739 739 3078 3710 2741 2741 3078 3078 885 3100 2652 4269 4269 3710 3710 2648 2648 885 885 889 889 9823 9663 9494 9335 9484 9334 9011 9011 9484 9484 9804 9717 9717 9663 9663 9717 9717 9390 9390 9494 9964 9489 9029 9528 9500 9486 9499 9974 9485 9394 9367 9849 10185 9720 10404 10271 9490 9966 5367 5068 6370 5619 5465 4785 5626 4785 4785 6370 5626 5626 5653 5626 5626 4810 4785 4785 5465 5465 6010 6010 5765 5615 5219 5202 5999 5999 5522 5615 5615 5028 5028 5219 5219 4279 4279 4245 4279 4279 5202 5202 5621 5206 2500 1767 3007 3676 540 2695 540 727 3036 3036 2695 2695 2600 3676 3676 3007 3007 2603 3007 3007 540 540 3007 3048 5365 4928 6004 5616 6368 6149 5209 5624 2646 2598 3672 3706 4242 3905 3053 3011 4805 4311 5032 5461 5226 5202 5223 5638 727 882 2740 2695 3082 3041 3078 3037 9503 9978 9848 9366 9396 9723 5233 5646 5412 4979 5035 5621 3094 3053 2595 2643 2745 3713
5417 2652 3054 3528 1832 2544 9850 5860 5647 5917 5538 5812 10306 9822 9979 10134 4805 882 500 0 10026 5300 5250 4750 5651 3103 9981 6078 5068 1837 9663 5539 723 879 879 4804 4804 10026 9527 9527 5300 10333 9850 9850 5861 5861 5417 5417 2653 2653 2606 10458 9981 9981 6078 6078 5651 5651 3103 3103 3062 2602 2650 2650 5416 5416 5859 5859 9850 9850 10031 10447 10658 10361 10338 10462 10312 10447 10447 10020 10020 10456 10456 10311 10361 10361 10658 10658 10447 10447 10338 10338 10159 10159 1767 3007 3007 3676 3036 540 540 3036 3676 2695 2695 3036 3036 727 3058 2603 4239 4239 3676 3676 2600 2600 727 727 732 732 10307 10155 9969 9818 9959 9817 9510 9510 9959 9959 10265 10181 10181 10130 10130 10181 10181 9870 9870 9969 10442 9964 9528 10026 9975 9962 9974 10451 9960 9874 9849 10332 10653 10185 10862 10735 9966 10443 5814 5539 6751 6048 5905 5282 6054 5282 5282 6751 6054 6054 6080 6054 6054 5305 5282 5282 5905 5905 6413 6413 6142 6002 5633 5617 6362 6362 5915 6002 6002 5456 5456 5633 5633 4775 4775 4745 4775 4775 5617 5617 6050 5621 2549 1837 3049 3710 739 2741 739 885 3078 3078 2741 2741 2648 3710 3710 3049 3049 2652 3049 3049 739 739 3048 3007 5812 5365 6407 6004 6750 6543 5624 6052 2598 2646 3706 3672 4272 3937 3011 3053 5300 4805 5461 5901 5640 5618 5638 6065 882 727 2695 2740 3041 3000 3037 3078 9978 10455 10331 9848 9876 10187 5646 6073 5856 5412 5463 6008 3053 3094 2643 2595 2700 3679
5590 9692 10359 10458 9556 9663 1983 5123 5906 6077 4861 5068 1767 1837 2751 3102 5250 9500 9527 10026 0 4750 4805 5300 5910 9880 2760 5471 5590 9692 1983 5123 10000 9500 9500 5250 5250 1039 1153 1153 4862 2508 2557 2557 5371 5371 5818 5818 9825 9825 10309 2508 2557 2557 5371 5371 5818 5818 9825 9825 10309 10182 9691 9691 5589 5589 5122 5122 1981 1981 7 3146 3185 1967 2505 2710 2609 3146 3146 1060 1060 2323 2323 1767 1967 1967 3185 3185 3146 3146 2505 2505 1918 1918 10187 10488 10488 10499 10270 10060 10060 10270 10499 10196 10196 10270 10270 10005 10365 10313 10689 10689 10499 10499 10186 10186 10005 10005 10058 10058 2608 1916 2377 2658 3186 1838 1174 1174 3186 3186 3416 3225 3225 3107 3107 3225 3225 2031 2031 2377 3147 3187 1149 1035 2381 2327 2377 2324 2322 2030 2549 2500 3181 3220 3767 3382 3190 3151 5419 5121 6057 5259 5136 4860 5693 4860 4860 6057 5693 5693 5464 5693 5693 4745 4860 4860 5136 5136 5715 5715 6247 6145 5744 6124 6464 6464 6083 6145 6145 5611 5611 5744 5744 5359 5359 5305 5359 5359 6124 6124 5698 6121 9851 9691 10002 10015 9553 9696 9553 9495 9774 9774 9696 9696 9686 10015 10015 10002 10002 9819 10002 10002 9553 9553 10007 10483 5417 5860 5717 6138 6062 5831 6123 5700 10307 9823 10018 10493 10219 10084 10484 10008 4750 5250 5606 5141 5742 5720 5740 5287 9500 10000 10191 9701 10266 10255 10266 9779 2549 2500 1910 1975 2035 3227 5814 5367 5119 5586 5608 6142 10307 9823 9690 10180 10192 10496
1983 5123 5906 6077 4861 5068 4663 1919 2751 3102 1035 1767 5068 4602 5038 5238 500 4750 4805 5300 4750 0 727 882 2760 5471 5043 2715 1983 5123 4663 1919 5250 4750 4750 500 500 4862 4375 4375 1039 5371 4935 4935 2508 2508 2557 2557 5371 5371 5818 5371 4935 4935 2508 2508 2557 2557 5371 5371 5818 5589 5122 5122 1981 1981 1917 1917 4662 4662 4755 5701 5723 5146 5374 5473 5424 5701 5701 4871 4871 5292 5292 5072 5146 5146 5723 5723 5701 5701 5374 5374 5127 5127 5594 6124 6124 6145 5744 5359 5359 5744 6145 5611 5611 5744 5744 5255 5912 5821 6464 6464 6145 6145 5593 5593 5255 5255 5356 5356 5419 5121 4839 4983 5283 4598 4375 4375 5283 5283 5425 5307 5307 5236 5236 5307 5307 4678 4678 4839 5698 5288 4374 4861 4845 4819 4844 5288 4817 4683 4930 5367 5717 5308 6062 5831 5290 5700 2608 1916 3764 2267 1967 1055 3146 1055 1055 3764 3146 3146 2710 3146 3146 7 1055 1055 1967 1967 3185 3185 3416 3225 2375 3186 3798 3798 3107 3225 3225 2031 2031 2375 2375 1170 1170 889 1170 1170 3186 3186 3147 3187 5419 5121 5693 5715 4860 5136 4860 4745 5282 5282 5136 5136 5116 5715 5715 5693 5693 5365 5693 5693 4860 4860 5698 6121 2605 2652 3181 3220 3767 3382 3190 3151 5814 5367 5717 6138 6062 5831 6123 5700 10 500 2030 1967 2379 2327 2375 2322 4750 5250 5606 5141 5742 5720 5740 5287 4930 5367 5119 4659 4685 5313 2549 2500 1910 1975 2035 3227 5814 5367 5119 5586 5608 6142
2652 5417 6074 6325 5066 5365 4984 2605 3095 3563 1762 2495 5365 4928 5234 5523 882 4805 4750 5250 4805 727 0 500 3103 5651 5238 3063 1837 5068 4602 1767 5299 4804 4804 879 879 4805 4312 4312 728 5417 4985 4985 2606 2606 2653 2653 5417 5417 5861 5651 5238 5238 3062 3062 3103 3103 5651 5651 6078 5859 5416 5416 2650 2650 2602 2602 4983 4983 4810 5626 6010 5465 5421 5653 5372 5626 5626 4786 4786 5642 5642 5369 5465 5465 6010 6010 5626 5626 5421 5421 5072 5072 5544 6054 6054 6413 6069 5282 5282 6069 6413 5905 5905 6069 6069 5305 6080 5864 6751 6751 6413 6413 5863 5863 5305 5305 5305 5305 5367 5068 5220 4926 5202 4923 4280 4280 5202 5202 5765 5615 5615 5522 5522 5615 5615 5028 5028 5220 5621 5206 4312 4806 5227 5202 5224 5638 5199 5032 4981 5414 6004 5616 6368 6149 5209 5624 2500 1767 4239 2995 2695 540 3007 540 540 4239 3007 3007 3058 3007 3007 727 540 540 2695 2695 3676 3676 3933 3710 3078 3049 4269 4269 3567 3710 3710 2741 2741 3078 3078 739 739 505 739 739 3049 3049 3007 3048 5367 5068 5617 6002 4775 5456 4775 4800 5633 5633 5456 5456 5410 6002 6002 5617 5617 5412 5617 5617 4775 4775 5621 6050 2495 2544 3672 3706 4242 3905 3053 3011 5858 5414 6004 6407 6368 6149 6052 5624 727 882 2740 2695 3082 3041 3078 3037 4805 5300 5901 5461 6067 6046 6065 5638 5233 5646 5412 4979 5035 5621 3094 3053 2595 2643 2745 3713 6073 5646 5412 5856 5903 6411
2605 4984 5647 5917 4601 4928 5417 2652 3054 3528 1832 2544 5812 5365 5647 5917 727 4311 4250 4750 5300 882 500 0 3063 5238 5651 3103 1767 4602 5068 1837 4804 4311 4311 723 723 5300 4805 4805 883 5861 5417 5417 2653 2653 2606 2606 4985 4985 5417 6078 5651 5651 3103 3103 3062 3062 5238 5238 5651 5416 4983 4983 2602 2602 2650 2650 5416 5416 5305 6054 6413 5905 5864 6080 5819 6054 6054 5283 5283 6070 6070 5817 5905 5905 6413 6413 6054 6054 5864 5864 5544 5544 5072 5626 5626 6010 5641 4785 4785 5641 6010 5465 5465 5641 5641 4810 5653 5421 6370 6370 6010 6010 5419 5419 4810 4810 4811 4811 5814 5539 5634 5363 5617 5360 4776 4776 5617 5617 6142 6002 6002 5915 5915 6002 6002 5456 5456 5634 6050 5621 4806 5300 5641 5618 5638 6066 5615 5461 5414 5858 6407 6004 6750 6543 5624 6052 2549 1837 4269 3037 2741 739 3049 739 739 4269 3049 3049 3100 3049 3049 885 739 739 2741 2741 3710 3710 3901 3676 3036 3007 4239 4239 3532 3676 3676 2695 2695 3036 3036 540 540 7 540 540 3007 3007 3048 3007 4930 4602 5202 5615 4279 5028 4279 4306 5219 5219 5028 5028 4978 5615 5615 5202 5202 4979 5202 5202 4279 4279 5206 5621 2544 2495 3706 3672 4272 3937 3011 3053 5414 4981 5616 6004 6005 5771 5624 5209 882 727 2695 2740 3041 3000 3037 3078 4311 4805 5461 5032 5640 5618 5638 5223 5646 6073 5856 5412 5463 6008 3053 3094 2643 2595 2700 3679 5646 5233 4979 5412 5463 6008
1919 4663 4750 4806 4930 4984 5123 1983 10 732 2549 2652 5865 5422 4750 4806 2715 5043 5238 5651 5910 2760 3103 3063 0 4250 4750 500 1919 4663 5123 1983 5471 5043 5043 2715 2715 5818 5371 5371 2557 5351 4862 4862 1153 1153 1039 1039 4375 4375 4862 5351 4862 4862 1153 1153 1039 1039 4375 4375 4862 5124 4664 4664 1922 1922 1986 1986 5124 5124 5912 5633 5337 5899 5356 5255 5544 5633 5633 6370 6370 6182 6182 5871 5899 5899 5337 5337 5633 5633 5356 5356 5593 5593 5126 5169 5169 4845 5758 5959 5959 5758 4845 5454 5454 5758 5758 5473 4755 4866 4936 4936 4845 4845 5127 5127 5473 5473 5373 5373 5538 5586 5755 5063 5160 5420 5956 5956 5160 5160 4902 4835 4835 4801 4801 4835 4835 5450 5450 5755 5630 5167 5367 5814 5760 5515 5762 6180 5511 5452 4861 5351 5332 4840 5416 5393 5165 5628 1832 1975 1420 2836 2720 3627 2090 3627 3627 1420 2090 2090 505 2090 2090 2757 3627 3627 2720 2720 1060 1060 1232 932 3247 2029 1327 1327 732 932 932 2672 2672 3247 3247 3591 3591 3065 3591 3591 2029 2029 2094 2033 4601 4659 4705 4346 5560 5016 5560 5036 5344 5344 5016 5016 4658 4346 4346 4705 4705 4369 4705 4705 5560 5560 4711 5167 1837 1767 1057 932 1423 1334 2030 2090 4861 4374 4351 4840 4454 4426 5165 4710 2751 2705 2668 2714 3249 2793 3252 3290 5038 5466 5448 5018 5755 5510 5756 5351 4861 5351 5588 5121 5455 4841 1035 1149 1980 1916 2674 937 4861 4374 4661 5121 5451 4841
4663 1919 500 886 2500 2605 9202 5123 4250 4312 5367 5417 9853 9372 9000 9029 5043 2715 3063 3103 9880 5471 5651 5238 4250 0 9000 4750 4663 1919 9202 5123 2760 2715 2715 5043 5043 9825 9343 9343 5371 9556 9059 9059 4862 4862 4375 4375 1039 1039 1153 9556 9059 9059 4862 4862 4375 4375 1039 1039 1153 1986 1922 1922 4664 4664 5124 5124 9203 9203 9883 9719 9550 9876 9561 9505 9667 9719 9719 10164 10164 10047 10047 9859 9876 9876 9550 9550 9719 9719 9561 9561 9696 9696 1980 2090 2090 1060 3286 3627 3627 3286 1060 2720 2720 3286 3286 2757 505 1152 1420 1420 1060 1060 1983 1983 2757 2757 2553 2553 9662 9690 9566 9167 9221 9368 9688 9688 9221 9221 9079 9043 9043 9024 9024 9043 9043 9386 9386 9566 9715 9226 9340 9823 9571 9426 9572 10044 9424 9389 9059 9556 9545 9048 9593 9580 9226 9714 5066 5119 4936 5513 5454 5959 5169 5959 5959 4936 5169 5169 4755 5169 5169 5473 5959 5959 5454 5454 4845 4845 4420 4346 5344 4705 4447 4447 4307 4346 4346 5016 5016 5344 5344 5560 5560 5236 5560 5560 4705 4705 5167 4711 1762 1910 2029 932 3591 2672 3591 2710 3247 3247 2672 2672 1918 932 932 2029 2029 1035 2029 2029 3591 3591 2033 2094 5068 4602 4840 4351 4933 4908 4710 5165 1149 1035 932 1057 1332 1237 2090 2030 5466 5038 5018 5448 5350 5086 5351 5756 2705 2751 2714 2668 3287 2838 3290 3252 9059 9556 9691 9201 9391 9048 4374 4861 5121 4661 5021 4352 1149 1035 1916 1980 2720 1062
5123 9202 9500 9528 9340 9369 1919 4663 4750 4806 4930 4984 2662 2614 10 732 5471 9400 9506 9981 2760 5043 5238 5651 4750 9000 0 4250 5123 9202 1919 4663 9880 9400 9400 5471 5471 2557 2508 2508 4935 1153 1039 1039 4375 4375 4862 4862 9059 9059 9556 1153 1039 1039 4375 4375 4862 4862 9059 9059 9556 9692 9203 9203 5124 5124 4664 4664 1922 1922 2757 2090 1060 2729 1152 505 1838 2090 2090 3635 3635 3296 3296 2667 2729 2729 1060 1060 2090 2090 1152 1152 1980 1980 9696 9719 9719 9550 10044 10161 10161 10044 9550 9873 9873 10044 10044 9883 9505 9561 9597 9597 9550 9550 9696 9696 9883 9883 9829 9829 1832 1975 3257 1767 2029 2619 3600 3600 2029 2029 1232 932 932 732 732 932 932 2682 2682 3257 2094 2033 2500 2549 3258 2802 3261 3299 2796 2677 1035 1149 1057 932 1423 1334 2030 2090 4601 4659 4447 5080 5016 5560 4705 5560 5560 4447 4705 4705 4245 4705 4705 5036 5560 5560 5016 5016 4346 4346 4912 4845 5758 5169 4936 4936 4811 4845 4845 5454 5454 5758 5758 5959 5959 5657 5959 5959 5169 5169 4711 5167 9171 9200 9221 9043 9685 9383 9685 9394 9563 9563 9383 9383 9197 9043 9043 9221 9221 9054 9221 9221 9685 9685 9226 9715 4602 5068 4351 4840 4454 4426 5165 4710 9556 9059 9048 9545 9098 9084 9714 9226 5038 5466 5448 5018 5755 5510 5756 5351 9397 9877 9867 9387 10040 9902 10041 9569 1035 1149 1980 1916 2683 937 4861 4374 4661 5121 5451 4841 9556 9059 9201 9691 9869 9546
1983 5123 5250 5300 5367 5417 4663 1919 500 886 2500 2605 5422 4989 4250 4312 2760 5471 5651 6078 5471 2715 3063 3103 500 4750 4250 0 1983 5123 4663 1919 5910 5471 5471 2760 2760 5371 4935 4935 2508 4862 4375 4375 1039 1039 1153 1153 4862 4862 5351 4862 4375 4375 1039 1039 1153 1153 4862 4862 5351 5590 5124 5124 1986 1986 1922 1922 4664 4664 5473 5169 4845 5459 4866 4755 5072 5169 5169 5964 5964 5763 5763 5428 5459 5459 4845 4845 5169 5169 4866 4866 5126 5126 5593 5633 5633 5337 6177 6365 6365 6177 5337 5895 5895 6177 6177 5912 5255 5356 5420 5420 5337 5337 5594 5594 5912 5912 5820 5820 5066 5119 5350 4598 4705 4988 5566 5566 4705 4705 4420 4346 4346 4307 4307 4346 4346 5021 5021 5350 5167 4711 4930 5367 5355 5091 5357 5762 5087 5023 4374 4861 4840 4351 4933 4908 4710 5165 1762 1910 1327 2791 2672 3591 2029 3591 3591 1327 2029 2029 7 2029 2029 2710 3591 3591 2672 2672 932 932 1331 1060 3286 2090 1420 1420 889 1060 1060 2720 2720 3286 3286 3627 3627 3107 3627 3627 2090 2090 2033 2094 5066 5119 5160 4835 5951 5446 5951 5464 5750 5750 5446 5446 5117 4835 4835 5160 5160 4856 5160 5160 5951 5951 5167 5630 1767 1837 932 1057 1332 1237 2090 2030 5351 4861 4840 5332 4933 4908 5628 5165 2705 2751 2714 2668 3287 2838 3290 3252 5466 5906 5889 5448 6174 5947 6175 5756 4374 4861 5121 4661 5026 4352 1149 1035 1916 1980 2720 1062 5351 4861 5121 5588 5892 5333
2715 5043 5121 5419 4930 5238 5471 2760 1916 2608 2549 3103 6081 5655 5121 5419 1919 4663 4602 5068 5590 1983 1837 1767 1919 4663 5123 1983 0 4250 4750 500 5122 4662 4662 1917 1917 5351 4862 4862 1153 5351 4862 4862 1153 1153 1039 1039 4375 4375 4862 5818 5371 5371 2557 2557 2508 2508 4935 4935 5371 5471 5043 5043 2715 2715 2760 2760 5471 5471 5593 5401 5955 6171 5356 5594 5305 5401 5401 5730 5730 6467 6467 6086 6171 6171 5955 5955 5401 5401 5356 5356 5255 5255 4755 4915 4915 5519 6064 5271 5271 6064 5519 5749 5749 6064 6064 5126 5127 4867 5758 5758 5519 5519 5473 5473 5126 5126 4866 4866 5300 5250 6060 4801 4906 5652 5266 5266 4906 4906 5664 5510 5510 5415 5415 5510 5510 5743 5743 6060 5396 4911 4861 5351 6067 5897 6066 6465 5893 5746 4861 5351 5950 5514 6175 6095 4912 5397 886 500 3286 3522 3270 2331 1345 2331 2331 3286 1345 1345 1983 1345 1345 1980 2331 2331 3270 3270 2847 2847 3092 2802 3764 1247 3247 3247 2609 2802 2802 3231 3231 3764 3764 2276 2276 1767 2276 2276 1247 1247 1344 1248 4312 4250 4424 5086 4816 5334 4816 4657 5673 5673 5334 5334 5036 5086 5086 4424 4424 4370 4424 4424 4816 4816 4429 4911 882 727 2845 2801 3290 3137 1252 1348 4861 4374 5090 5514 5351 5259 4912 4430 1975 1910 3228 3267 3768 3490 3767 3800 4659 5119 5743 5337 6063 5894 6062 5679 5367 5814 5906 5466 5750 5517 2500 2549 2751 2705 3235 2807 5367 4930 5038 5466 5747 5517
